125.904345039997
144.253777392968
-6.8704243484301
-16.8506345928125
-111.20878263466
-68.4338425190566
-6.49552212432072
7.13256244599691
49.6310552639551
-37.1957712571549
-69.6838013961987
1.7061025087537
58.2046861546902
36.5355063366708
36.3585123985386
152.672871040562
103.563119279088
-56.5108052418397
-113.422408732348
-45.0778152887498
66.0699201000803
-50.207388463354
-125.081372127253
34.39802841013
50.3784524570949
-15.8363363884939
13.2227788656252
38.8434778514856
49.6508967896812
56.8295006233499
10.7844976603257
26.9881330134823
125.921755598853
15.5612805828711
-26.1027133693523
164.062583912603
82.979830465473
-16.1641497608601
10.4918885116128
-68.4514356592959
14.9485032724762
32.8394347520014
-75.1942260890546
-53.9466654302549
-30.134618765491
56.6927563085562
-46.1981712788735
-184.354805901112
29.3016962445417
55.6790916913097
9.9392683339421
90.0235360733659
-50.154363660743
-69.9057564521622
44.1145491294581
19.294898353514
-16.5157437113543
-19.1087487348437
9.33511888168945
5.68978276601286
69.5764661068397
98.6590853814114
-78.6719736730662
-68.7126732521576
-17.1938973540747
-62.5009783905021
145.858630551641
113.358285900527
-74.3811322201064
158.069674697674
105.298100529032
-131.758920664775
123.677880170385
136.246011378138
-121.261070380827
1.30425014455272
83.6710239154534
-36.7948444009533
-99.9764170205046
-56.8737517695041
57.1617213170406
-50.299219446634
-113.955275468954
46.8568306755345
-17.7953573103
-3.55524444474999
133.651618291316
22.6861441909267
-52.8173438472292
-57.1412138110586
37.4228457012661
64.2061204661501
-90.1047793238476
69.9788144192959
80.100233806891
-96.8875394475159
125.904345040006
144.253777392962
-6.87042434843428
-16.8506345928156
-111.208782634664
-68.4338425190499
-6.49552212432131
7.13256244600133
49.631055263953
-37.1957712571639
-69.6838013961945
1.70610250876081
58.2046861546924
36.5355063366648
36.3585123985501
152.672871040571
103.563119279064
-56.5108052418537
-113.42240873235
-45.0778152887281
66.0699201000848
-50.2073884633877
-125.081372127237
34.3980284101558
50.3784524570774
-15.8363363884951
13.2227788656325
38.8434778514869
49.6508967896871
56.8295006233435
10.7844976603139
26.9881330135072
125.921755598857
15.5612805828235
-26.1027133693115
164.062583912633
82.9798304654161
-16.1641497608543
10.4918885115997
-68.4514356593063
14.9485032725193
32.8394347519673
-75.1942260890691
-53.9466654302435
-30.134618765471
56.6927563085783
-46.1981712789636
-184.354805901086
29.3016962446252
55.6790916912631
9.93926833397118
90.0235360733595
-50.1543636608117
-69.9057564521131
44.1145491294797
19.2948983534915
-16.5157437113641
-19.1087487348349
9.3351188816956
5.68978276601305
69.5764661068826
98.6590853813723
-78.6719736731168
-68.7126732521142
-17.1938973540975
-62.5009783904728
145.858630551709
113.358285900442
-74.3811322200925
158.069674697747
105.298100528935
-131.758920664767
123.67788017047
136.246011378066
-121.261070380851
1.30425014460833
83.6710239154355
-36.7948444009795
-99.9764170205059
-56.8737517694828
57.1617213170445
-50.2992194466619
-113.955275468939
46.856830675547
-17.7953573103128
-3.55524444473748
133.651618291322
22.6861441909183
-52.8173438472333
-57.141213811055
37.4228457012659
64.2061204661476
-90.1047793238481
69.978814419287
80.1002338069043
-96.8875394475199
125.904345039983
144.253777392982
-6.87042434842951
-16.8506345928072
-111.208782634651
-68.4338425190705
-6.4955221243196
7.13256244598961
49.6310552639574
-37.1957712571365
-69.6838013962078
1.70610250874297
58.2046861546852
36.5355063366802
36.3585123985265
152.672871040542
103.56311927912
-56.5108052418093
-113.42240873235
-45.0778152887836
66.0699201000753
-50.2073884633015
-125.081372127276
34.3980284100906
50.3784524571181
-15.8363363884872
13.2227788656105
38.8434778514811
49.6508967896774
56.8295006233516
10.7844976603452
26.9881330134488
125.921755598843
15.5612805829404
-26.1027133694062
164.062583912561
82.9798304655528
-16.1641497608684
10.4918885116321
-68.4514356592849
14.9485032724155
32.8394347520554
-75.1942260890368
-53.9466654302704
-30.1346187655124
56.6927563085255
-46.1981712787562
-184.354805901142
29.3016962444334
55.6790916913678
9.93926833390075
90.0235360733809
-50.1543636606521
-69.9057564522296
44.1145491294325
19.2948983535483
-16.5157437113464
-19.1087487348543
9.33511888167963
5.68978276600817
69.5764661067721
98.6590853814762
-78.6719736729749
-68.7126732522399
-17.1938973540297
-62.5009783905511
145.858630551504
113.3582859007
-74.381132220129
158.06967469751
105.29810052925
-131.758920664793
123.677880170181
136.246011378329
-121.261070380771
1.30425014439587
83.671023915509
-36.7948444008697
-99.9764170204909
-56.8737517695911
57.1617213170103
-50.2992194464775
-113.955275469045
46.8568306754607
-17.7953573101905
-3.55524444489771
133.651618291312
22.6861441910637
-52.8173438472142
-57.1412138110756
37.4228457011271
64.2061204662853
-90.1047793238167
69.9788144190606
80.1002338071295
-96.8875394475553
125.904345039742
144.253777393166
-6.87042434838454
-16.8506345927585
-111.20878263459
-68.4338425191779
-6.49552212432387
7.13256244593435
49.6310552639779
-37.1957712570336
-69.6838013962475
1.70610250866856
58.2046861546621
36.5355063367267
36.3585123984456
152.672871040472
103.563119279258
-56.5108052417141
-113.422408732348
-45.0778152888896
66.0699201000607
-50.2073884631662
-125.081372127329
34.3980284099971
50.3784524571676
-15.8363363884758
13.2227788655863
38.843477851479
49.6508967896713
56.8295006233599
10.7844976603625
26.9881330134099
125.921755598836
15.5612805829963
-26.102713369449
164.062583912535
82.9798304655974
-16.1641497608761
10.4918885116376
-68.4514356592785
14.9485032724128
32.8394347520573
-75.1942260890423
-53.9466654302659
-30.1346187655078
56.6927563085309
-46.1981712787824
-184.35480590113
29.3016962444757
55.679091691347
9.93926833391535
90.0235360733732
-50.1543636607073
-69.9057564521913
44.1145491294557
19.294898353526
-16.5157437113559
-19.1087487348444
9.33511888169177
5.68978276601057
69.576466106837
98.6590853814131
-78.6719736730664
-68.7126732521498
-17.1938973540802
-62.5009783904952
145.858630551664
113.358285900489
-74.3811322200967
158.069674697718
105.298100528957
-131.758920664769
123.677880170467
136.246011378058
-121.261070380853
1.30425014462892
83.6710239154271
-36.7948444009977
-99.9764170205187
-56.8737517694566
57.1617213170537
-50.2992194467189
-113.955275468897
46.8568306755788
-17.7953573103686
-3.55524444466556
133.651618291322
22.6861441908458
-52.8173438472365
-57.1412138110466
37.4228457013459
64.2061204660693
-90.1047793238651
69.9788144194467
80.1002338067441
-96.8875394474971
125.90434504018
144.253777392832
-6.870424348472
-16.8506345928507
-111.208782634711
-68.4338425189622
-6.49552212431652
7.13256244604562
49.6310552639422
-37.1957712572562
-69.6838013961615
1.70610250883504
58.2046861547121
36.5355063366069
36.3585123986414
152.672871040647
103.563119278908
-56.5108052419719
-113.42240873235
-45.077815288593
66.0699201001038
-50.2073884635837
-125.081372127142
34.3980284102987
50.3784524569915
-15.8363363885124
13.222778865681
38.8434778515
49.6508967897052
56.8295006233204
10.7844976602557
26.9881330136266
125.921755598886
15.5612805826021
-26.1027133691335
164.062583912764
82.9798304651659
-16.1641497608196
10.4918885115386
-68.4514356593421
14.948503272697
32.839434751818
-75.1942260891292
-53.9466654301974
-30.1346187653951
56.6927563086528
-46.1981712793152
-184.354805900979
29.301696244944
55.6790916910832
9.93926833409884
90.0235360733193
-50.1543636610682
-69.9057564519302
44.1145491295495
19.2948983534077
-16.5157437114029
-19.108748734802
9.33511888173146
5.68978276601393
69.5764661070822
98.6590853811745
-78.6719736733858
-68.7126732518775
-17.19389735422
-62.5009783903098
145.858630552122
113.358285899915
-74.381132220001
158.069674698248
105.29810052824
-131.758920664716
123.677880171122
136.246011377462
-121.261070381047
1.30425014510318
83.6710239152724
-36.7948444012421
-99.9764170205621
-56.8737517691978
57.1617213171309
-50.2992194471393
-113.955275468649
46.8568306757632
-17.795357310646
-3.55524444429835
133.65161829135
22.6861441905143
-52.8173438472714
-57.1412138110036
37.4228457016646
64.2061204657735
-90.1047793239398
69.9788144199546
80.1002338062492
-96.8875394474286
125.904345040721
144.253777392429
-6.87042434857038
-16.8506345929685
-111.208782634849
-68.4338425187263
-6.49552212430719
7.13256244616626
49.6310552638955
-37.1957712574854
-69.6838013960678
1.70610250900621
58.204686154772
36.535506336494
36.358512398818
152.672871040821
103.563119278551
-56.5108052422264
-113.422408732348
-45.0778152882962
66.0699201001485
-50.2073884639966
-125.081372126953
34.3980284106113
50.3784524568147
-15.8363363885345
13.2227788657799
38.843477851516
49.6508967897408
56.8295006232915
10.7844976601388
26.9881330138485
125.921755598927
15.5612805822106
-26.1027133688117
164.062583912998
82.9798304647366
-16.1641497607572
10.4918885114398
-68.4514356594084
14.9485032729906
32.8394347515704
-75.1942260892071
-53.9466654301267
-30.1346187652905
56.6927563087726
-46.1981712798411
-184.354805900827
29.3016962454203
55.6790916908181
9.9392683342686
90.0235360732762
-50.1543636614299
-69.9057564516681
44.1145491296595
19.2948983532773
-16.5157437114377
-19.1087487347597
9.33511888176811
5.6897827660189
69.5764661073267
98.6590853809407
-78.6719736737152
-68.7126732516123
-17.193897354363
-62.5009783901291
145.858630552583
113.358285899336
-74.3811322199117
158.069674698782
105.298100527527
-131.758920664656
123.677880171771
136.246011376867
-121.261070381232
1.30425014557276
83.6710239151093
-36.7948444014858
-99.9764170205992
-56.8737517689411
57.1617213172088
-50.2992194475628
-113.955275468386
46.8568306759506
-17.7953573109291
-3.55524444393875
133.651618291375
22.6861441901859
-52.8173438473112
-57.1412138109552
37.4228457019688
64.2061204654618
-90.1047793240142
69.9788144204628
80.1002338057393
-96.8875394473593
125.904345041274
144.253777392023
-6.87042434866831
-16.8506345930804
-111.208782634998
-68.4338425184669
-6.49552212431385
7.13256244628841
49.631055263848
-37.1957712577171
-69.6838013959612
1.70610250916821
58.2046861548242
36.5355063363812
36.3585123990008
152.672871040995
103.563119278192
-56.510805242481
-113.422408732359
-45.077815288006
66.0699201001844
-50.2073884644127
-125.081372126767
34.3980284109169
50.3784524566346
-15.836336388581
13.2227788658741
38.8434778515424
49.6508967897869
56.8295006232444
10.7844976600256
26.9881330140681
125.921755598978
15.561280581807
-26.1027133684941
164.062583913233
82.9798304643179
-16.1641497607069
10.4918885113453
-68.4514356594771
14.9485032732838
32.8394347513381
-75.1942260893005
-53.9466654300552
-30.1346187651635
56.6927563089037
-46.1981712803767
-184.354805900676
29.3016962458991
55.6790916905592
9.93926833444659
90.0235360732336
-50.1543636617921
-69.9057564514081
44.1145491297601
19.2948983531706
-16.5157437114821
-19.1087487347153
9.33511888180388
5.68978276602194
69.5764661075665
98.6590853806997
-78.6719736740256
-68.7126732513331
-17.193897354502
-62.5009783899399
145.858630553041
113.358285898759
-74.3811322198163
158.06967469931
105.298100526813
-131.758920664602
123.677880172426
136.246011376266
-121.26107038142
1.30425014604457
83.6710239149578
-36.7948444017289
-99.9764170206377
-56.873751768689
57.1617213172883
-50.2992194479751
-113.955275468138
46.856830676137
-17.7953573112084
-3.55524444356859
133.651618291407
22.6861441898512
-52.817343847346
-57.1412138109052
37.4228457022739
64.2061204651698
-90.104779324089
69.9788144209846
80.1002338052441
-96.8875394472876
125.904345041813
144.253777391629
-6.87042434877871
-16.8506345932011
-111.208782635139
-68.433842518226
-6.49552212431161
7.13256244640608
49.6310552638033
-37.195771257943
-69.683801395866
1.70610250933431
58.2046861548762
36.5355063362665
36.3585123991973
152.672871041164
103.563119277852
-56.510805242742
-113.422408732345
-45.0778152877085
66.0699201002244
-50.2073884648299
-125.081372126565
34.3980284112224
50.3784524564566
-15.8363363886023
13.2227788659726
38.8434778515582
49.65089678982
56.8295006232105
10.7844976599152
26.9881330142859
125.921755599028
15.5612805814142
-26.102713368178
164.062583913459
82.9798304638873
-16.1641497606426
10.4918885112443
-68.4514356595393
14.9485032735701
32.8394347511031
-75.1942260893889
-53.946665429994
-30.1346187650524
56.6927563090345
-46.1981712808975
-184.354805900524
29.3016962463651
55.6790916903066
9.93926833462323
90.0235360731783
-50.154363662156
-69.9057564511453
44.1145491298613
19.2948983530502
-16.5157437115301
-19.1087487346743
9.33511888185679
5.6897827660233
69.5764661078121
98.659085380464
-78.6719736743425
-68.7126732510657
-17.1938973546445
-62.5009783897604
145.858630553492
113.358285898182
-74.3811322197298
158.069674699836
105.298100526098
-131.758920664559
123.677880173087
136.246011375667
-121.261070381604
1.30425014651053
83.6710239147986
-36.7948444019668
-99.9764170206948
-56.8737517684269
57.1617213173678
-50.2992194483914
-113.955275467887
46.8568306763181
-17.7953573114822
-3.55524444321227
133.651618291423
22.6861441895239
-52.8173438473883
-57.1412138108559
37.4228457025821
64.2061204648666
-90.1047793241606
69.9788144214923
80.1002338047452
-96.8875394472173
125.904345042352
144.253777391217
-6.87042434888016
-16.8506345933189
-111.208782635273
-68.4338425179845
-6.49552212431006
7.13256244653414
49.6310552637582
-37.195771258172
-69.6838013957744
1.70610250951682
58.2046861549406
36.5355063361428
36.3585123993866
152.672871041341
103.563119277493
-56.5108052429998
-113.422408732355
-45.077815287407
66.0699201002658
-50.2073884652464
-125.081372126393
34.3980284115214
50.3784524562737
-15.8363363886262
13.2227788660606
38.8434778515731
49.6508967898578
56.829500623165
10.7844976598025
26.9881330145065
125.921755599065
15.5612805810275
-26.1027133678527
164.062583913691
82.9798304634585
-16.1641497605933
10.4918885111535
-68.4514356596073
14.9485032738642
32.8394347508582
-75.1942260894705
-53.9466654299089
-30.1346187649356
56.6927563091514
-46.1981712814202
-184.354805900362
29.301696246839
55.6790916900385
9.93926833479276
90.02353607313
-50.1543636625026
-69.9057564508895
44.1145491299569
19.2948983529269
-16.515743711565
-19.108748734629
9.33511888189091
5.68978276603807
69.5764661080523
98.6590853802368
-78.671973674667
-68.712673250803
-17.1938973547871
-62.5009783895735
145.858630553959
113.358285897605
-74.3811322196365
158.069674700378
105.298100525387
-131.75892066449
123.677880173736
136.246011375085
-121.261070381796
1.30425014699996
83.671023914637
-36.7948444022235
-99.9764170207288
-56.8737517681735
57.1617213174419
-50.2992194488153
-113.955275467636
46.8568306765028
-17.7953573117675
-3.5552444428373
133.651618291454
22.6861441892012
-52.8173438474129
-57.141213810811
37.422845702902
64.2061204645616
-90.1047793242259
69.9788144219967
80.1002338042589
-96.8875394471419
125.9043450429
144.253777390832
-6.87042434897841
-16.8506345934328
-111.208782635419
-68.4338425177326
-6.49552212430008
7.1325624466512
49.6310552637212
-37.195771258425
-69.6838013956702
1.70610250968066
58.2046861549858
36.5355063360465
36.3585123995696
152.672871041507
103.563119277139
-56.5108052432667
-113.422408732345
-45.0778152871161
66.0699201003004
-50.207388465668
-125.081372126199
34.3980284118233
50.378452456103
-15.8363363886767
13.2227788661603
38.8434778515946
49.6508967898934
56.8295006231415
10.78449765968
26.9881330147182
125.921755599116
15.5612805806227
-26.1027133675222
164.062583913912
82.9798304630284
-16.1641497605291
10.4918885110443
-68.4514356596698
14.948503274154
32.8394347506044
-75.194226089548
-53.9466654298502
-30.1346187648277
56.6927563092777
-46.198171281958
-184.354805900217
29.3016962473076
55.679091689761
9.93926833497533
90.0235360730819
-50.1543636628654
-69.9057564506142
44.1145491300531
19.2948983528125
-16.5157437115996
-19.1087487345965
9.33511888193574
5.68978276602933
69.5764661083004
98.6590853800054
-78.6719736749864
-68.7126732505255
-17.1938973549287
-62.500978389411
145.858630554418
113.358285897024
-74.3811322195364
158.069674700914
105.298100524661
-131.758920664439
123.677880174397
136.246011374486
-121.261070381978
1.30425014745494
83.6710239144738
-36.7948444024479
-99.9764170207765
-56.873751767916
57.1617213175209
-50.2992194492471
-113.955275467371
46.8568306766947
-17.7953573120489
-3.55524444246935
133.651618291474
22.6861441888773
-52.817343847446
-57.1412138107727
37.4228457032097
64.2061204642502
-90.1047793243018
69.9788144225182
80.1002338037506
-96.8875394470535
125.904345043451
144.253777390421
-6.87042434907568
-16.8506345935539
-111.208782635555
-68.433842517496
-6.49552212429914
7.1325624467744
49.6310552636751
-37.195771258644
-69.6838013955789
1.70610250985268
58.20468615505
36.5355063359266
36.3585123997471
152.672871041692
103.56311927679
-56.5108052435307
-113.422408732348
-45.0778152868117
66.0699201003432
-50.2073884660739
-125.081372126
34.3980284121246
50.3784524559246
-15.8363363886995
13.2227788662573
38.8434778516197
49.6508967899306
56.8295006230943
10.7844976595664
26.988133014944
125.921755599165
15.5612805802175
-26.1027133671915
164.062583914147
82.979830462588
-16.1641497604727
10.4918885109457
-68.451435659735
14.9485032744569
32.8394347503584
-75.1942260896375
-53.9466654297785
-30.1346187647076
56.6927563094023
-46.1981712824703
-184.354805900066
29.3016962477802
55.6790916895255
9.93926833514086
90.023536073029
-50.1543636632238
-69.9057564503618
44.1145491301389
19.2948983527004
-16.5157437116452
-19.1087487345517
9.33511888198728
5.68978276602797
69.5764661085158
98.6590853797892
-78.6719736753114
-68.7126732502575
-17.1938973550546
-62.5009783892313
145.85863055486
113.358285896458
-74.3811322194624
158.069674701434
105.298100523949
-131.758920664391
123.677880175054
136.246011373873
-121.261070382168
1.30425014792132
83.6710239143341
-36.7948444026949
-99.9764170208366
-56.8737517676369
57.1617213176107
-50.299219449672
-113.9552754671
46.8568306768777
-17.7953573123353
-3.5552444421122
133.651618291479
22.686144188549
-52.817343847483
-57.141213810719
37.4228457035191
64.2061204639537
-90.1047793243719
69.9788144230175
80.1002338032535
-96.8875394469944
125.904345043993
144.253777390017
-6.87042434916651
-16.8506345936672
-111.208782635703
-68.4338425172393
-6.49552212430828
7.1325624468927
49.6310552636348
-37.1957712588841
-69.6838013954744
1.7061025100191
58.2046861550871
36.5355063358105
36.3585123999274
152.672871041851
103.563119276429
-56.5108052437782
-113.422408732362
-45.0778152865313
66.0699201003869
-50.2073884664816
-125.081372125816
34.3980284124384
50.3784524557455
-15.8363363887236
13.2227788663649
38.8434778516577
49.6508967899666
56.8295006230511
10.7844976594476
26.9881330151539
125.921755599208
15.5612805798393
-26.1027133668876
164.062583914377
82.9798304621761
-16.1641497604185
10.4918885108329
-68.4514356597852
14.9485032747373
32.8394347501377
-75.1942260897236
-53.9466654296995
-30.1346187646058
56.6927563095434
-46.1981712829867
-184.354805899931
29.301696248233
55.6790916892731
9.93926833531665
90.0235360729933
-50.1543636635746
-69.9057564501199
44.114549130249
19.2948983525744
-16.515743711688
-19.1087487345152
9.33511888203066
5.68978276603432
69.576466108768
98.6590853795593
-78.6719736756367
-68.712673250001
-17.1938973551827
-62.5009783890531
145.858630555321
113.358285895895
-74.3811322193604
158.069674701962
105.298100523256
-131.758920664326
123.6778801757
136.246011373276
-121.261070382346
1.30425014840366
83.6710239141692
-36.7948444029243
-99.976417020884
-56.873751767402
57.1617213176913
-50.2992194500841
-113.95527546686
46.8568306770742
-17.79535731261
-3.55524444172685
133.651618291522
22.686144188216
-52.8173438475249
-57.1412138106708
37.4228457038331
64.2061204636575
-90.10477932446
69.9788144235279
80.1002338027565
-96.8875394469296
125.904345044523
144.253777389626
-6.87042434927761
-16.8506345937854
-111.20878263584
-68.4338425169939
-6.49552212430332
7.13256244701294
49.6310552636086
-37.1957712590979
-69.6838013953966
1.70610251017948
58.2046861551381
