125.904345039997
144.216825957661
-6.94415654297347
-16.9609776588612
-111.355567469183
-68.6169008000971
-6.71468630738993
6.87745913151185
49.3401788183654
-37.5222556002818
-70.0457291664975
1.30889502197128
57.7723619059444
36.0682275278063
35.8564404822011
152.13616672366
102.991942526233
-57.1162952048976
-114.062053415314
-45.7514569333823
65.3624385233469
-50.9485536679305
-125.856065377374
33.5899619781416
49.5371669916098
-16.7106874511047
12.3155149335478
37.9034530721623
48.6782624831532
55.8244074107214
9.74709546699281
25.9185710723464
124.820182453519
14.4278440908318
-27.2678660335477
162.865861571012
81.751684264598
-17.4235746764314
9.20132935552066
-69.7729852490496
13.5961063916866
31.4563330616357
-76.6078907656483
-55.3907519248006
-31.608986561759
55.1882470777612
-47.7326827230369
-185.919180980538
27.7075954678762
54.0554025183021
8.28612743130655
88.3410794765627
-51.8660005445919
-71.6464388413706
42.3449553940293
17.4965268113322
-18.342760137631
-20.9642777365177
7.45120900219139
3.77762309796206
67.6361871340154
96.6908169848975
-80.6681022120972
-70.7365332496742
-19.2453607204274
-64.5799176276788
143.752342352748
111.224775062842
-76.5417399571369
155.882095219964
103.083673891208
-134.000070457575
121.410130654976
133.95178500236
-123.581651322225
-1.04256363258554
81.2980984701908
-39.1937609063883
-102.40120453524
-59.3242907971734
54.6855497208574
-52.8009052163062
-116.482357563949
44.3044695590509
-20.3728806862564
-6.15781385747879
131.024118527691
20.033829227936
-55.4943593899311
-59.8428158432375
34.6967707428696
61.4556856202548
-92.8794615406409
67.1799968284993
77.2773923216799
-99.7342938624689
123.033788147446
141.359527964758
-9.78825687813176
-19.7919412953256
-114.17345508444
-71.4217727913532
-9.50660279291192
4.09843831116967
46.5739940990243
-40.2756635076667
-72.7864192770986
-1.41913603446199
55.0569314323935
33.3653394359315
33.1660368396527
149.458189865627
100.326335054246
-59.769590424118
-116.703093251192
-48.3802979926566
62.7457398953475
-53.5531659497092
-128.448647138824
31.0093551688559
46.9684798229769
-19.2675100350044
9.77050213269419
35.3701955057863
46.1567058546668
53.3144976743016
7.24877882647426
23.4317939800794
122.344891609088
11.9639864400367
-29.7203432996808
160.424712124249
79.3218103147298
-19.842225209979
6.79385039804438
-72.1693442311544
11.2108160226227
29.0820601803401
-78.9711970480776
-57.7431422623032
-33.9505113743311
52.8575376030204
-50.0526268153429
-188.228409414723
25.409033196886
51.7674571440642
6.0087499153295
86.0742210065443
-54.1223885554093
-73.8924047551192
40.1093634382739
15.2712608969737
-20.5577477057925
-23.1690344334316
5.25663592083163
1.59318659475177
65.4618403888643
94.5265133938008
-82.8224090376892
-72.8808894840101
-21.3798123247457
-66.7045103506484
141.637562973637
109.119763700255
-78.6370284207268
153.796484745946
101.007696704585
-136.066458852005
119.353286762758
131.904441526738
-125.619538262799
-3.07103771715032
79.2789937641664
-41.2035395103057
-104.401700113624
-61.3155462276669
52.7034917586242
-54.7738081927504
-118.446147840763
42.3497498909062
-22.3185716422562
-8.09451780426721
129.096360079721
18.114974960149
-57.4043506052963
-61.743984943991
32.8043830079917
59.5720386907448
-94.7544080379417
65.3137105767151
75.4197263143801
-101.583379441624
